1001B
W12X30
B
 1  3143  64  1651  111  0  0  0  54539  270  0  0  206  0  0  0  0  0  0  0  0  0  0  0  0  0  0  0  0  0  0  0  0  0  0  0
 19
 44450  228600.1010
 44450  152390.1010
 44450  76200.1010
 1434310  152390.1020
 1434310  76200.1020
 1574010  152390.1020
 1574010  76200.1020
 2653510  152390.1020
 2653510  76200.1020
 2793210  152390.1020
 2793210  76200.1020
 3872710  152390.1020
 3872710  76200.1020
 4012410  152390.1020
 4012410  76200.1020
 5409410  228600.1010
 5409410  152390.1010
 5409410  76200.1010
