1002B
W18X40
B
 1  4540  79  1524  127  0  0  0  100401  206  206  143  270  0  0  0  0  0  0  0  0  0  0  0  0  0  0  0  0  0  0  0  0  0  0  0
 30
 4512470  31750.3010
 4595020  31750.3010
 6493670  31750.3010
 6493670  120650.3010
 6576220  31750.3010
 6576220  120650.3010
 9367040  34920.2010
 9367040  117470.2010
 9494040  34920.2010
 9494040  117470.2010
 50800  228590.1010
 50800  152400.1010
 50800  76200.1010
 1435890  152400.1010
 1435890  76200.1010
 1575590  152400.1010
 1575590  76200.1010
 2959890  228590.1010
 2959890  152400.1010
 2959890  76200.1010
 3099590  228590.1010
 3099590  152400.1010
 3099590  76200.1010
 8446290  228590.1020
 8446290  152400.1020
 8446290  76200.1020
 8585990  228590.1020
 8585990  152400.1020
 8585990  76200.1020
